9            !
1 50 90
3 50 25
1 50 0
4 47 2
3 47 5
4 50 7
4 53 5
3 53 2
4 50 0
4            "
1 30 80
4 40 100
1 60 100
4 50 80
8            #
1 20 0
4 50 100
1 80 100
4 50 0
1 0 30
2 100 30
1 100 60
2 0 60
16            $
1 10 30
3 10 20
4 20 10
2 80 10
4 90 20
3 90 40
4 80 50
2 20 50
4 10 60
3 10 80
4 20 90
2 80 90
4 90 80
3 90 70
1 50 0
3 50 100
28            %
1 20 0
4 80 100
1 30 95
4 23 93
4 17 87
4 15 80
4 17 73
4 23 67
4 30 65
4 37 67
4 43 73
4 45 80
4 43 87
4 37 93
4 30 95
1 70 35
4 63 33
4 57 27
4 55 20
4 57 13
4 63 7
4 70 5
4 77 7
4 83 13
4 85 20
4 83 27
4 77 33
4 70 35
14            &
1 80 -1
4 20 70
3 20 90
4 35 100
2 50 100
4 60 90
3 60 70
4 46 55
4 24 40
4 10 30
3 10 10
4 29 0
2 60 0
4 90 30
2            '
1 50 80
4 60 100
6            (
1 50 0
4 35 15
4 30 40
3 30 60
4 35 85
4 50 100
6            )
1 50 0
4 65 15
4 70 40
3 70 60
4 65 85
4 50 100
8            *
1 20 10
4 80 70
1 50 80
3 50 0
1 80 10
4 20 70
1 10 40
2 90 40
4            +
1 20 40
2 80 40
1 50 70
3 50 10
2            ,
1 50 0
4 60 20
2            -
1 20 40
2 80 40
7            .
1 50 0
4 47 2
3 47 5
4 50 7
4 53 5
3 53 2
4 50 0
2            /
1 20 0
4 80 100
21            0
1 50 100
4 37 97
4 27 88
4 20 78
4 15 65
4 13 50
4 15 35
4 20 22
4 27 12
4 37 3
4 50 0
4 63 3
4 73 12
4 80 22
4 85 35
4 87 50
4 85 65
4 80 78
4 73 88
4 63 97
4 50 100
5            1
1 50 0
3 50 100
4 40 90
1 30 0
2 70 0
14            2
1 20 85
4 30 94
4 40 98
4 53 100
4 70 98
4 80 90
4 85 80
4 82 68
4 75 60
4 45 45
4 28 32
4 20 15
4 15 0
2 85 0
21            3
1 14 20
4 25 8
4 40 2
4 50 0
4 60 2
4 75 10
4 82 20
4 85 30
4 82 40
4 72 50
4 60 55
2 40 55
1 60 55
4 70 60
4 76 67
4 80 77
4 77 88
4 65 98
4 50 100
4 40 98
4 30 92
4            4
1 70 0
3 70 100
4 15 30
2 85 30
16            5
1 15 15
4 23 7
4 35 2
4 50 0
4 65 3
4 77 10
4 85 25
3 85 40
4 83 48
4 75 57
4 63 63
4 52 65
4 40 63
4 25 60
4 30 100
2 75 100
23            6
1 17 43
4 27 54
4 36 61
4 50 65
4 64 62
4 75 55
4 81 45
4 83 30
4 81 20
4 74 10
4 64 3
4 50 0
4 37 3
4 24 14
4 18 30
4 17 50
4 19 65
4 23 78
4 30 90
4 40 98
4 54 100
4 65 97
4 74 90
7            7
1 50 0
3 50 20
4 55 40
4 62 58
4 70 75
4 85 100
2 17 100
29            8
1 50 0
4 62 2
4 75 7
4 83 15
4 85 25
4 83 38
4 73 48
4 55 55
2 45 55
4 32 58
4 23 65
4 20 77
4 25 88
4 35 96
4 50 100
4 65 96
4 75 88
4 80 77
4 77 65
4 68 58
4 55 55
2 45 55
4 27 48
4 17 38
4 15 25
4 17 15
4 25 7
4 38 2
4 50 0
23            9
1 22 10
4 35 3
4 50 0
4 60 4
4 72 13
4 80 28
4 83 40
3 83 60
4 80 77
4 73 90
4 62 97
4 50 100
4 38 97
4 26 90
4 20 80
4 17 66
4 18 55
4 25 44
4 37 38
4 50 35
4 63 38
4 73 47
4 83 60
14            :
1 50 4
4 47 6
3 47 8
4 50 10
4 53 8
3 53 6
4 50 4
1 50 40
4 47 42
3 47 45
4 50 47
4 53 45
3 53 42
4 50 40
15            ;
1 50 4
4 47 6
3 47 8
4 50 10
4 53 8
3 53 6
4 50 4
4 40 0
1 50 40
4 47 42
3 47 45
4 50 47
4 53 45
3 53 42
4 50 40
3            <
1 80 10
4 20 40
4 80 70
4            =
1 25 25
2 75 25
1 75 55
2 24 55
3            >
1 20 10
4 80 40
4 20 70
20            ?
1 50 0
4 47 2
3 47 5
4 50 7
4 53 5
3 53 2
4 50 0
1 50 25
3 50 40
4 52 50
4 60 60
4 66 65
4 72 74
3 72 82
4 68 92
4 62 97
4 50 100
4 40 98
4 32 93
4 25 85
19            @
1 75 35
4 60 20
2 40 20
4 25 35
3 25 55
4 40 70
2 60 70
4 75 55
3 75 35
4 85 25
4 100 40
3 100 80
4 80 100
2 20 100
4 0 80
3 0 20
4 14 0
2 80 0
4 100 20
5            A
1 10 0
4 50 100
4 90 0
1 74 40
2 26 40
17            B
1 60 55
4 70 60
4 75 67
4 77 78
4 75 88
4 68 95
4 55 100
2 20 100
3 20 0
2 65 0
4 77 7
4 83 18
4 85 30
4 83 40
4 75 50
4 60 55
2 20 55
18            C
1 80 93
4 74 97
4 60 100
2 50 100
4 38 96
4 28 87
4 20 73
4 16 60
4 15 45
4 17 31
4 21 19
4 28 10
4 37 3
4 50 0
2 60 0
4 70 3
4 78 7
4 85 15
14            D
1 15 0
3 15 100
2 45 100
4 60 95
4 70 88
4 78 78
4 85 67
4 86 50
4 85 33
4 78 22
4 70 12
4 60 5
4 45 0
2 15 0
6            E
1 85 0
2 15 0
3 15 100
2 85 100
1 70 53
2 15 53
5            F
1 15 0
3 15 100
2 85 100
1 70 52
2 15 52
20            G
1 60 50
2 90 50
3 90 20
4 80 8
4 65 2
4 50 0
4 38 2
4 25 10
4 16 20
4 12 31
4 10 40
3 10 50
4 12 66
4 19 79
4 28 89
4 37 95
4 50 100
2 60 100
4 74 96
4 85 90
6            H
1 20 0
3 20 100
1 80 100
3 80 0
1 80 50
2 20 50
6            I
1 35 100
2 65 100
1 50 100
3 50 0
1 30 0
2 70 0
11            J
1 40 100
2 80 100
1 15 20
4 20 10
4 28 4
4 36 0
2 44 0
4 52 4
4 56 11
4 60 20
3 60 100
6            K
1 20 0
3 20 100
1 80 100
4 20 40
1 80 0
4 40 60
3            L
1 20 100
3 20 0
2 85 0
5            M
1 10 0
3 10 100
4 50 20
4 90 100
3 90 0
4            N
1 15 0
3 15 100
4 85 0
3 85 100
23            O
1 50 0
4 37 2
4 25 9
4 16 19
4 12 31
4 10 45
3 10 55
4 12 69
4 17 81
4 26 91
4 37 98
4 50 100
4 63 98
4 75 91
4 83 81
4 88 69
4 90 55
3 90 45
4 88 31
4 83 19
4 75 9
4 63 2
4 50 0
10            P
1 20 0
3 20 100
2 55 100
4 70 95
4 78 84
4 80 72
4 78 60
4 70 50
4 55 45
2 20 45
25            Q
1 50 0
4 37 2
4 25 9
4 16 19
4 12 31
4 10 45
3 10 55
4 12 69
4 17 81
4 26 91
4 37 98
4 50 100
4 63 98
4 75 91
4 83 81
4 88 69
4 90 55
3 90 45
4 88 31
4 83 19
4 75 9
4 63 2
4 50 0
1 55 30
4 85 0
12            R
1 20 0
3 20 100
2 55 100
4 70 95
4 78 84
4 80 72
4 78 60
4 70 50
4 55 45
2 20 45
1 55 45
4 80 0
19            S
1 15 15
4 30 5
4 45 0
2 55 0
4 70 5
4 80 14
4 85 25
4 82 37
4 75 46
4 58 53
4 37 57
4 26 63
4 22 75
4 25 86
4 33 95
4 45 100
2 56 100
4 68 97
4 78 88
4            T
1 50 100
3 50 0
1 15 100
2 86 100
9            U
1 15 100
3 15 28
4 20 14
4 33 3
4 50 0
4 67 3
4 80 14
4 85 28
3 85 100
3            V
1 10 100
4 50 0
4 90 100
5            W
1 0 100
4 25 0
4 50 100
4 75 0
4 100 100
4            X
1 15 0
4 80 100
1 20 100
4 85 0
5            Y
1 50 0
3 50 45
4 15 100
1 85 100
4 50 45
4            Z
1 15 100
2 85 100
4 15 0
2 85 0
4            [
1 65 100
2 35 100
3 35 0
2 65 0
2            \
1 10 100
4 90 0
4            ]
1 35 0
2 65 0
3 65 100
2 35 100
5            ^
1 20 50
4 50 100
4 80 50
1 50 100
3 50 0
2            _
1 20 0
2 80 0
2            `
1 50 80
4 40 100
17            a
1 75 0
3 75 50
1 75 50
4 70 57
4 63 62
4 50 65
4 40 62
4 30 56
4 23 47
4 20 33
4 23 20
4 30 10
4 40 3
4 50 0
4 63 3
4 70 10
4 75 17
17            b
1 20 10
3 20 100
1 20 50
4 27 58
4 37 63
4 50 65
4 63 62
4 72 55
4 78 44
4 80 30
4 78 21
4 74 10
4 63 3
4 50 0
4 38 2
4 27 6
4 20 13
14            c
1 75 50
4 70 57
4 63 62
4 50 65
4 40 62
4 30 56
4 23 47
4 20 33
4 23 20
4 30 10
4 40 3
4 50 0
4 63 3
4 75 12
16            d
1 75 100
3 75 0
1 75 50
4 70 57
4 63 62
4 50 65
4 40 62
4 30 56
4 23 47
4 20 33
4 23 20
4 30 10
4 40 3
4 50 0
4 63 3
4 75 12
16            e
1 30 35
2 80 35
4 76 52
4 65 63
4 53 67
4 42 65
4 32 60
4 25 48
4 22 38
3 22 28
4 25 18
4 32 8
4 40 2
4 50 0
4 67 3
4 78 13
9            f
1 40 0
3 40 85
4 43 93
4 50 98
4 60 100
4 70 97
4 75 90
1 60 60
2 20 60
21            g
1 27 -25
4 38 -32
4 52 -33
4 62 -31
4 71 -21
4 75 -12
3 75 60
1 75 50
4 70 57
4 63 62
4 50 65
4 40 62
4 30 56
4 23 47
4 20 33
4 23 20
4 30 10
4 40 3
4 50 0
4 63 3
4 75 11
10            h
1 25 0
3 25 100
1 25 50
4 30 58
4 38 63
4 50 65
4 62 63
4 70 58
4 75 50
3 75 0
9            i
1 50 70
3 50 0
1 50 93
4 47 95
3 47 98
4 50 100
4 53 98
3 53 95
4 50 93
14            j
1 25 -25
4 33 -31
4 45 -33
4 57 -30
4 66 -22
4 70 -8
3 70 70
1 70 93
4 67 95
3 67 98
4 70 100
4 73 98
3 73 95
4 70 93
6            k
1 25 0
3 25 100
1 75 65
4 25 30
1 45 44
4 75 0
6            l
1 50 100
3 50 10
4 54 3
4 60 0
4 67 2
4 72 5
18            m
1 10 0
3 10 50
1 10 50
4 15 58
4 22 63
4 30 65
4 38 63
4 45 58
4 50 50
3 50 0
1 50 50
4 55 58
4 62 63
4 70 65
4 78 62
4 85 58
4 90 50
3 90 0
10            n
1 25 0
3 25 60
1 25 50
4 32 58
4 40 63
4 50 65
4 60 63
4 70 58
4 75 50
3 75 0
17            o
1 77 47
4 70 56
4 60 63
4 50 65
4 40 63
4 30 56
4 23 47
4 20 33
4 23 20
4 30 9
4 40 2
4 50 0
4 60 2
4 70 9
4 77 20
4 80 33
4 77 47
17            p
1 20 -33
3 20 60
1 20 50
4 27 58
4 37 63
4 50 65
4 63 62
4 72 55
4 78 44
4 80 30
4 78 21
4 74 10
4 63 3
4 50 0
4 38 2
4 27 6
4 20 13
16            q
1 75 -34
3 75 60
1 75 50
4 70 57
4 63 62
4 50 65
4 40 62
4 30 56
4 23 47
4 20 33
4 23 20
4 30 10
4 40 3
4 50 0
4 63 3
4 75 12
8            r
1 30 0
3 30 70
1 30 50
4 36 58
4 43 63
4 55 67
4 66 64
4 75 58
16            s
1 25 12
4 33 5
4 45 0
2 55 0
4 65 3
4 72 8
4 75 15
4 73 25
4 65 30
4 35 40
4 30 52
4 33 60
4 40 65
4 50 67
4 60 65
4 70 60
4            t
1 50 100
3 50 0
1 25 65
2 75 65
10            u
1 20 65
3 20 20
4 28 8
4 38 2
4 50 0
4 62 2
4 72 8
4 80 20
1 80 0
3 80 65
3            v
1 20 65
4 50 0
4 80 65
5            w
1 10 70
4 30 0
4 50 70
4 70 0
4 90 70
4            x
1 20 70
4 80 0
1 80 70
4 20 0
9            y
1 15 -30
4 25 -33
4 38 -30
4 47 -23
4 53 -15
4 63 12
4 85 65
1 30 65
4 63 12
4            z
1 25 65
2 75 65
4 25 0
2 75 0
9            {
1 60 0
2 50 0
4 40 10
3 40 40
4 30 50
4 40 60
3 40 90
4 50 100
2 60 100
2            |
1 50 0
3 50 100
9            }
1 40 0
2 50 0
4 60 10
3 60 40
4 70 50
4 60 60
3 60 90
4 50 100
2 40 100
6            ~
1 10 30
4 20 50
2 40 50
4 60 10
2 80 10
4 90 30
